0,484
0,483
419,2
421,35
10,92
10,142
10,96
10,114
10,272
10,122
10,120
10,86
11,25
11,7
11,23
11,18
11,14
8,17
8,4
8,9
8,8
419,3
419,1
413,4
413,3
413,2
413,1
413,0
412,3
412,2
412,1
412,0
411,3
411,2
411,1
411,0
410,3
410,2
410,1
410,0
409,3
409,2
409,1
409,0
408,3
408,2
408,1
408,0
407,4
407,3
407,2
407,1
407,0
398,4
398,3
398,2
398,1
398,0
20,3
20,2
20,1
19,3
19,2
19,1
12,3
12,2
12,1
11,30
11,26
11,24
11,22
11,21
11,17
11,5
11,3
11,2
11,1
10,294
10,226
18,1
10,216
10,152
18,3
10,150
10,146
10,144
10,3
14,1
10,2
14,3
10,1
9,7
9,6
13,1
9,4
9,3
13,3
9,2
9,1
8,16
8,13
8,11
8,10
8,7
8,6
8,3
8,2
8,1
3,3
3,2
3,1
2,3
2,2
